Biomes
------
u w b r w w g g g r g u 
 r u w u r r w r w g b g 
g b w w w b b b b g b g 
 u u w b r g r g g w u w 
r u g r u r b r w b w r 
 u b b w g g r b r r b u 
g w r b w g w b u r r b 
 u u w u w b u g u b u g 
u r w u g g u b b g r r 
 
Territories
------------
      C   B         C   
 C                       
                C   B C 
             C           
    B B                 
               C C       
                        
             B           
  B         B   B       
 
Constructs
----------
                        
         M0              
M1                H0    
                         
    M2    M3            
                         
H1                      
       H2          H3    
                        
 
1 1 1 1 1 1 1 1 1 1 1 0 
 1 1 1 1 1 1 1 1 1 1 0 0 
1 1 0 0 1 1 1 1 1 0 0 0 
 1 0 1 1 1 1 1 1 0 0 1 1 
1 1 1 1 1 1 1 1 1 1 1 1 
 1 1 1 1 1 1 1 1 1 1 1 1 
0 1 1 1 0 0 1 1 1 1 1 1 
 1 1 1 0 0 0 0 0 1 1 1 1 
1 1 1 0 0 0 0 0 0 1 1 1 
 
0 1 1 1 0 0 0 0 0 0 1 1 
 1 1 1 0 1 1 1 1 1 1 1 1 
1 1 1 1 1 1 1 1 1 1 1 1 
 1 1 1 1 1 1 1 1 1 1 1 0 
0 1 1 1 1 1 1 1 1 1 1 1 
 1 1 1 1 0 1 1 1 1 1 1 1 
0 1 1 1 1 1 1 1 1 1 1 1 
 0 0 1 1 1 1 1 1 1 1 1 1 
0 0 0 0 0 1 1 1 1 1 1 0 
 
0 0 0 0 0 1 1 1 1 1 1 1 
 1 0 0 0 0 1 1 1 1 1 1 1 
1 1 0 0 0 1 1 1 1 1 1 1 
 1 1 1 0 1 1 1 1 1 1 1 1 
0 1 1 1 1 1 1 1 1 1 0 0 
 1 1 1 1 1 1 1 0 0 0 0 0 
1 1 0 0 1 1 1 1 1 0 0 1 
 1 0 0 1 1 1 1 1 1 1 1 1 
0 0 0 1 1 1 1 1 1 1 1 1 
 
1 1 1 1 1 1 1 1 1 1 0 0 
 1 1 1 1 1 1 1 1 1 1 0 0 
0 1 1 1 1 1 1 1 1 1 1 1 
 0 1 1 1 1 0 0 1 1 1 1 1 
0 0 1 1 1 0 0 1 1 1 1 1 
 1 1 1 1 1 1 1 1 1 1 1 0 
1 1 1 1 1 1 1 1 0 0 0 0 
 1 1 1 1 1 1 1 0 0 0 0 0 
0 1 1 1 1 1 0 0 0 0 0 0 
 
1 1 1 1 1 0 0 0 0 0 1 1 
 1 1 1 1 1 0 0 0 0 0 1 1 
1 1 1 1 1 0 0 0 0 0 1 1 
 1 1 1 1 1 0 0 0 0 1 1 1 
1 1 1 1 1 1 0 0 0 0 1 1 
 1 1 0 1 1 0 0 1 1 0 1 1 
1 1 1 1 1 0 1 1 1 1 1 1 
 1 1 1 1 1 1 1 1 1 1 1 1 
1 1 1 1 1 1 1 1 1 1 1 1 
 
1 1 1 1 1 1 1 0 0 1 1 1 
 1 1 1 1 1 1 0 1 1 1 1 1 
1 1 0 0 0 0 1 1 1 1 1 1 
 0 1 1 1 0 1 1 1 1 1 1 1 
0 1 1 1 1 0 1 1 1 1 0 0 
 0 1 1 1 0 0 1 1 1 1 0 0 
0 0 0 0 0 0 1 1 1 1 0 0 
 1 1 0 0 0 1 1 1 1 0 0 0 
1 1 1 0 0 1 1 1 1 1 0 0 
 
0 0 0 0 1 1 1 0 0 0 0 0 
 0 0 0 0 1 1 0 0 0 1 1 0 
0 0 0 0 0 0 0 0 0 1 1 1 
 0 1 1 1 0 0 0 0 0 1 1 0 
0 1 1 1 1 0 0 0 0 0 0 0 
 0 1 1 1 0 0 0 0 0 0 0 0 
0 0 0 0 0 0 1 1 0 0 0 0 
 1 1 0 0 0 1 1 1 1 0 0 0 
1 1 1 0 0 1 1 1 1 1 0 0 
 
0 0 0 1 1 1 1 1 0 1 1 1 
 0 0 0 1 1 1 1 0 1 1 1 1 
0 1 1 1 1 1 1 0 1 1 1 1 
 1 1 1 1 1 0 0 0 1 1 1 1 
1 1 1 1 1 1 0 0 0 1 1 1 
 1 1 1 1 1 1 1 1 0 0 0 0 
1 1 1 1 1 1 1 1 1 1 0 0 
 1 1 1 0 1 1 1 1 1 1 0 0 
1 1 1 1 1 1 1 1 1 1 1 0 
 
1 1 1 1 1 0 0 0 0 1 1 1 
 1 1 1 1 0 0 0 1 1 1 1 1 
1 1 0 0 0 0 1 1 1 1 1 1 
 0 0 0 0 0 1 1 1 1 0 1 1 
0 0 0 0 0 0 1 1 1 1 0 0 
 0 0 0 0 0 0 1 1 1 1 0 0 
0 0 0 0 0 0 0 1 1 1 0 0 
 0 0 0 0 0 0 0 0 0 0 0 0 
0 0 0 0 0 0 0 0 0 0 0 0 
 
1 1 1 1 1 1 0 1 1 1 1 1 
 1 1 1 1 1 1 1 1 1 1 1 1 
1 1 1 1 1 1 1 1 1 1 1 1 
 1 1 0 0 1 1 1 1 1 1 1 1 
0 0 0 0 0 1 1 1 1 1 1 1 
 0 0 0 0 0 1 1 1 1 1 1 0 
0 0 0 0 0 0 1 1 1 1 1 0 
 0 0 0 0 0 0 1 1 1 1 0 0 
0 0 0 0 0 0 0 0 0 0 0 0 
 
0 0 0 0 1 1 0 0 0 0 0 0 
 1 0 0 1 1 1 0 0 0 0 0 0 
1 1 0 0 1 1 0 0 0 0 0 0 
 1 1 1 0 1 1 0 0 0 0 0 0 
0 1 1 1 1 1 1 0 0 0 0 0 
 0 1 1 0 1 1 0 0 0 0 0 0 
0 0 0 0 0 0 0 0 0 0 0 0 
 0 0 0 0 0 0 0 0 0 0 0 0 
0 0 0 0 0 0 0 0 0 0 0 0 
 
1 1 0 1 1 1 1 0 0 0 0 0 
 1 1 1 1 1 1 1 0 0 0 0 0 
1 1 1 1 1 1 1 0 0 0 0 0 
 1 1 1 1 1 1 1 0 0 0 0 0 
1 1 1 1 1 1 1 1 0 0 0 0 
 1 1 1 1 1 1 1 0 0 0 0 0 
0 1 1 1 1 1 1 0 0 0 0 0 
 0 0 0 0 0 0 0 0 0 0 0 0 
0 0 0 0 0 0 0 0 0 0 0 0 
 
0 0 0 0 0 0 0 0 0 0 0 0 
 0 0 0 0 0 0 0 0 1 1 0 0 
0 0 0 0 0 0 0 0 1 1 1 0 
 0 0 0 0 0 0 0 0 1 1 0 0 
0 0 0 0 0 0 0 0 0 0 0 0 
 1 0 0 0 0 0 0 0 0 0 0 0 
1 1 0 1 1 0 0 0 0 1 1 0 
 1 0 1 1 1 0 0 0 1 1 1 0 
0 0 0 1 1 0 0 0 0 1 1 0 
 
0 0 0 0 0 0 0 0 1 1 1 0 
 0 0 0 0 0 0 0 1 1 1 1 0 
0 0 0 0 0 0 0 1 1 1 1 1 
 0 0 0 0 0 0 0 1 1 1 1 0 
1 1 0 0 0 0 0 0 1 1 1 0 
 1 1 1 1 1 0 0 0 1 1 1 0 
1 1 1 1 1 1 0 0 1 1 1 1 
 1 1 1 1 1 1 0 1 1 1 1 1 
1 1 1 1 1 1 0 0 1 1 1 1 
 
0 0 0 0 1 1 0 0 0 0 0 0 
 0 0 0 1 1 1 0 0 1 1 0 0 
0 0 0 0 1 1 0 0 1 1 1 0 
 0 0 0 0 0 0 0 0 1 1 0 0 
0 0 0 0 0 0 0 0 0 0 0 0 
 0 0 0 0 0 0 0 0 0 0 0 0 
0 0 0 0 0 0 0 0 0 0 0 0 
 0 0 0 0 0 0 0 0 0 0 0 0 
0 0 0 0 0 0 0 0 0 0 0 0 
 
0 0 0 1 1 1 1 0 1 1 1 0 
 0 0 1 1 1 1 1 1 1 1 1 0 
0 0 0 1 1 1 1 1 1 1 1 1 
 0 0 0 1 1 1 0 1 1 1 1 0 
0 0 0 0 0 0 0 0 1 1 1 0 
 0 0 0 0 0 0 0 0 0 0 0 0 
0 0 0 0 0 0 0 0 0 0 0 0 
 0 0 0 0 0 0 0 0 0 0 0 0 
0 0 0 0 0 0 0 0 0 0 0 0 
 
0 0 1 1 1 1 1 1 1 1 1 1 
 0 1 1 1 1 1 1 1 1 1 1 1 
0 0 1 1 1 1 1 1 1 1 1 1 
 0 0 1 1 1 1 1 1 1 1 1 1 
0 0 0 1 1 1 1 1 1 1 1 1 
 0 0 0 0 0 0 0 1 1 1 1 0 
0 0 0 0 0 0 0 0 0 0 0 0 
 0 0 0 0 0 0 0 0 0 0 0 0 
0 0 0 0 0 0 0 0 0 0 0 0 
 
0 0 0 0 0 0 0 0 0 0 0 0 
 1 0 0 0 0 0 0 0 0 0 0 0 
1 1 0 0 0 0 0 0 0 0 0 0 
 1 0 0 0 0 0 0 0 0 0 0 0 
0 0 0 0 0 0 0 0 0 0 0 0 
 1 0 0 0 0 0 0 0 0 0 0 0 
1 1 0 0 0 0 0 0 0 0 0 0 
 1 0 0 0 0 0 0 0 0 0 0 0 
0 0 0 0 0 0 0 0 0 0 0 0 
 
1 1 0 0 0 0 0 0 0 0 0 0 
 1 1 0 0 0 0 0 0 0 0 0 0 
1 1 1 0 0 0 0 0 0 0 0 0 
 1 1 0 0 0 0 0 0 0 0 0 0 
1 1 0 0 0 0 0 0 0 0 0 0 
 1 1 0 0 0 0 0 0 0 0 0 0 
1 1 1 0 0 0 0 0 0 0 0 0 
 1 1 0 0 0 0 0 0 0 0 0 0 
1 1 0 0 0 0 0 0 0 0 0 0 
 
1 1 1 0 0 0 0 0 0 0 0 0 
 1 1 1 0 0 0 0 0 0 0 0 0 
1 1 1 1 0 0 0 0 0 0 0 0 
 1 1 1 0 0 0 0 0 0 0 0 0 
1 1 1 0 0 0 0 0 0 0 0 0 
 1 1 1 0 0 0 0 0 0 0 0 0 
1 1 1 1 0 0 0 0 0 0 0 0 
 1 1 1 0 0 0 0 0 0 0 0 0 
1 1 1 0 0 0 0 0 0 0 0 0 
 
0 0 0 0 0 0 0 0 0 0 0 0 
 0 0 0 0 0 0 0 0 0 0 0 0 
0 0 0 0 0 0 0 0 0 0 0 0 
 0 1 1 0 0 0 0 0 0 0 0 0 
0 1 1 1 0 0 0 0 0 0 0 0 
 0 1 1 0 0 0 0 0 0 0 0 0 
0 0 0 1 1 0 0 0 0 0 0 0 
 0 0 1 1 1 0 0 0 0 0 0 0 
0 0 0 1 1 0 0 0 0 0 0 0 
 
0 0 0 0 0 0 0 0 0 0 0 0 
 0 0 0 0 0 0 0 0 0 0 0 0 
0 1 1 1 0 0 0 0 0 0 0 0 
 1 1 1 1 0 0 0 0 0 0 0 0 
1 1 1 1 1 0 0 0 0 0 0 0 
 1 1 1 1 1 0 0 0 0 0 0 0 
0 1 1 1 1 1 0 0 0 0 0 0 
 0 1 1 1 1 1 0 0 0 0 0 0 
0 0 1 1 1 1 0 0 0 0 0 0 
 
0 0 0 0 0 0 0 0 0 0 0 0 
 1 1 1 1 0 0 0 0 0 0 0 0 
1 1 1 1 1 0 0 0 0 0 0 0 
 1 1 1 1 1 0 0 0 0 0 0 0 
1 1 1 1 1 1 0 0 0 0 0 0 
 1 1 1 1 1 1 0 0 0 0 0 0 
1 1 1 1 1 1 1 0 0 0 0 0 
 1 1 1 1 1 1 1 0 0 0 0 0 
0 1 1 1 1 1 1 0 0 0 0 0 
 
0 0 0 0 0 0 0 0 0 0 0 0 
 0 0 0 0 0 0 0 0 0 0 0 0 
0 0 0 0 0 0 0 0 0 0 0 0 
 0 0 0 0 1 1 0 0 0 0 0 0 
0 0 0 0 1 1 1 0 0 0 0 0 
 0 0 0 0 1 1 0 0 0 0 0 0 
0 0 0 0 0 0 0 0 0 1 1 0 
 0 0 0 0 0 0 0 0 1 1 1 0 
0 0 0 0 0 0 0 0 0 1 1 0 
 
0 0 0 0 0 0 0 0 0 0 0 0 
 0 0 0 0 0 0 0 0 0 0 0 0 
0 0 0 0 1 1 1 0 0 0 0 0 
 0 0 0 1 1 1 1 0 0 0 0 0 
0 0 0 1 1 1 1 1 0 0 0 0 
 0 0 0 1 1 1 1 0 1 1 1 0 
0 0 0 0 1 1 1 0 1 1 1 1 
 0 0 0 0 0 0 0 1 1 1 1 1 
0 0 0 0 0 0 0 0 1 1 1 1 
 
0 0 0 0 0 0 0 0 0 0 0 0 
 0 0 0 1 1 1 1 0 0 0 0 0 
0 0 0 1 1 1 1 1 0 0 0 0 
 0 0 1 1 1 1 1 1 0 0 0 0 
0 0 1 1 1 1 1 1 1 1 1 1 
 0 0 1 1 1 1 1 1 1 1 1 1 
0 0 0 1 1 1 1 1 1 1 1 1 
 0 0 0 1 1 1 1 1 1 1 1 1 
0 0 0 0 0 0 0 1 1 1 1 1 
 
0 0 1 1 0 0 0 0 0 1 0 0 
 1 0 0 0 1 1 0 1 0 0 1 0 
0 1 0 0 0 1 1 1 1 0 1 0 
 0 0 0 1 1 0 1 0 0 0 0 0 
1 0 0 1 0 1 1 1 0 1 0 1 
 0 1 1 0 0 0 1 1 1 1 1 0 
0 0 1 1 0 0 0 1 0 1 1 1 
 0 0 0 0 0 1 0 0 0 1 0 0 
0 1 0 0 0 0 0 1 1 0 1 1 
 
0 0 0 1 0 0 1 1 1 1 1 0 
 1 0 0 0 1 1 0 1 0 1 0 1 
1 0 0 0 0 0 0 0 0 1 0 1 
 0 0 0 0 1 1 1 1 1 0 0 0 
1 0 1 1 0 1 0 1 0 0 0 1 
 0 0 0 0 1 1 1 0 1 1 0 0 
1 0 1 0 0 1 0 0 0 1 1 0 
 0 0 0 0 0 0 0 1 0 0 0 1 
0 1 0 0 1 1 0 0 0 1 1 1 
 
0 1 0 1 1 1 0 0 0 1 0 0 
 1 0 1 0 1 1 1 1 1 0 0 0 
0 0 1 1 1 0 0 0 0 0 0 0 
 0 0 1 0 1 0 1 0 0 1 0 1 
1 0 0 1 0 1 0 1 1 0 1 1 
 0 0 0 1 0 0 1 0 1 1 0 0 
0 1 1 0 1 0 1 0 0 1 1 0 
 0 0 1 0 1 0 0 0 0 0 0 0 
0 1 1 0 0 0 0 0 0 0 1 1 
 
1 0 0 1 0 0 0 0 0 1 0 1 
 1 1 0 1 1 1 0 1 0 0 0 0 
0 0 0 0 0 0 0 0 0 0 0 0 
 1 1 0 0 1 0 1 0 0 0 1 0 
1 1 0 1 1 1 0 1 0 0 0 1 
 1 0 0 0 0 0 1 0 1 1 0 1 
0 0 1 0 0 0 0 0 1 1 1 0 
 1 1 0 1 0 0 1 0 1 0 1 0 
1 1 0 1 0 0 1 0 0 0 1 1 
 
0 0 1 0 0 0 1 1 1 0 1 0 
 0 0 0 0 0 0 0 0 0 1 1 1 
1 1 0 0 0 1 1 1 1 1 1 1 
 0 0 0 1 0 1 0 1 1 0 0 0 
0 0 1 0 0 0 1 0 0 1 0 0 
 0 1 1 0 1 1 0 1 0 0 1 0 
1 0 0 1 0 1 0 1 0 0 0 1 
 0 0 0 0 0 1 0 1 0 1 0 1 
0 0 0 0 1 1 0 1 1 1 0 0 
 
0 1 1 0 1 1 0 0 0 0 0 0 
 0 0 1 0 0 0 1 0 1 0 1 0 
0 1 1 1 1 1 1 1 1 0 1 0 
 0 0 1 1 0 0 0 0 0 1 0 1 
0 0 0 0 0 0 1 0 1 1 1 0 
 0 1 1 1 0 0 0 1 0 0 1 0 
0 1 0 1 1 0 1 1 0 0 0 1 
 0 0 1 0 1 1 0 0 0 1 0 0 
0 0 1 0 0 0 0 1 1 0 0 0 
 
1 0 1 0 0 0 0 0 0 0 0 1 
 0 1 0 1 0 0 0 0 0 0 1 0 
0 1 0 0 0 1 1 1 1 0 1 0 
 1 1 0 1 0 0 0 0 0 0 1 0 
0 1 0 0 1 0 1 0 0 1 0 0 
 1 1 1 0 0 0 0 1 0 0 1 1 
0 0 0 1 0 0 0 1 1 0 0 1 
 1 1 0 1 0 1 1 0 1 1 1 0 
1 0 0 1 0 0 1 1 1 0 0 0 
 
0 1 0 0 1 1 1 1 1 0 1 0 
 0 0 1 0 0 0 1 0 1 1 0 1 
1 0 1 1 1 0 0 0 0 1 0 1 
 0 0 1 0 0 1 0 1 1 1 0 1 
0 0 1 0 0 0 0 0 1 0 1 0 
 0 0 0 1 1 1 0 0 0 0 0 0 
1 1 0 0 1 1 1 0 0 0 0 0 
 0 0 1 0 1 0 0 1 0 0 0 1 
0 0 1 0 1 1 0 0 0 1 0 0 
 
1 0 0 0 0 0 1 1 1 0 1 1 
 0 1 0 1 0 0 0 0 0 1 0 1 
1 0 0 0 0 0 0 0 0 1 0 1 
 1 1 0 0 0 1 0 1 1 0 1 0 
0 1 1 0 1 0 0 0 0 0 0 0 
 1 0 0 0 1 1 0 0 0 0 0 1 
1 0 0 0 0 1 0 0 1 0 0 0 
 1 1 0 1 0 0 1 1 1 0 1 1 
1 0 0 1 1 1 1 0 0 1 0 0 
 
1 1 0 0 1 1 0 0 0 0 0 1 
 0 1 1 1 0 0 1 0 1 0 0 0 
0 0 1 1 1 0 0 0 0 0 0 0 
 1 1 1 0 0 0 0 0 0 1 1 1 
0 1 0 0 1 0 0 0 1 0 1 0 
 1 0 0 1 0 0 0 0 0 0 0 1 
0 1 0 0 1 0 1 0 1 0 0 0 
 1 1 1 1 1 0 1 0 1 0 1 0 
1 0 1 1 0 0 1 0 0 0 0 0 
 
1 1 1 1 1 1 1 1 1 1 1 0 
 1 1 1 1 1 1 1 1 1 1 0 0 
1 1 0 0 1 1 1 1 1 0 0 0 
 1 0 1 1 1 1 1 1 0 0 1 1 
1 1 1 1 1 1 1 1 1 1 1 1 
 1 1 1 1 1 1 1 1 1 1 1 1 
0 1 1 1 0 0 1 1 1 1 1 1 
 1 1 1 0 0 0 0 0 1 1 1 1 
1 1 1 0 0 0 0 0 0 1 1 1 
 
0 1 1 1 0 0 0 0 0 0 1 1 
 1 1 1 0 1 1 1 1 1 1 1 1 
1 1 1 1 1 1 1 1 1 1 1 1 
 1 1 1 1 1 1 1 1 1 1 1 0 
0 1 1 1 1 1 1 1 1 1 1 1 
 1 1 1 1 0 1 1 1 1 1 1 1 
0 1 1 1 1 1 1 1 1 1 1 1 
 0 0 1 1 1 1 1 1 1 1 1 1 
0 0 0 0 0 1 1 1 1 1 1 0 
 
0 0 0 0 0 1 1 1 1 1 1 1 
 1 0 0 0 0 1 1 1 1 1 1 1 
1 1 0 0 0 1 1 1 1 1 1 1 
 1 1 1 0 1 1 1 1 1 1 1 1 
0 1 1 1 1 1 1 1 1 1 0 0 
 1 1 1 1 1 1 1 0 0 0 0 0 
1 1 0 0 1 1 1 1 1 0 0 1 
 1 0 0 1 1 1 1 1 1 1 1 1 
0 0 0 1 1 1 1 1 1 1 1 1 
 
1 1 1 1 1 1 1 1 1 1 0 0 
 1 1 1 1 1 1 1 1 1 1 0 0 
0 1 1 1 1 1 1 1 1 1 1 1 
 0 1 1 1 1 0 0 1 1 1 1 1 
0 0 1 1 1 0 0 1 1 1 1 1 
 1 1 1 1 1 1 1 1 1 1 1 0 
1 1 1 1 1 1 1 1 0 0 0 0 
 1 1 1 1 1 1 1 0 0 0 0 0 
0 1 1 1 1 1 0 0 0 0 0 0 
 
1 1 1 1 1 0 0 0 0 0 1 1 
 1 1 1 1 1 0 0 0 0 0 1 1 
1 1 1 1 1 0 0 0 0 0 1 1 
 1 1 1 1 1 0 0 0 0 1 1 1 
1 1 1 1 1 1 0 0 0 0 1 1 
 1 1 0 1 1 0 0 1 1 0 1 1 
1 1 1 1 1 0 1 1 1 1 1 1 
 1 1 1 1 1 1 1 1 1 1 1 1 
1 1 1 1 1 1 1 1 1 1 1 1 
 
1 1 1 1 1 1 1 0 0 1 1 1 
 1 1 1 1 1 1 0 1 1 1 1 1 
1 1 0 0 0 0 1 1 1 1 1 1 
 0 1 1 1 0 1 1 1 1 1 1 1 
0 1 1 1 1 0 1 1 1 1 0 0 
 0 1 1 1 0 0 1 1 1 1 0 0 
0 0 0 0 0 0 1 1 1 1 0 0 
 1 1 0 0 0 1 1 1 1 0 0 0 
1 1 1 0 0 1 1 1 1 1 0 0 
 
0 0 0 1 1 1 1 1 0 1 1 1 
 0 0 0 1 1 1 1 0 1 1 1 1 
0 1 1 1 1 1 1 0 1 1 1 1 
 1 1 1 1 1 0 0 0 1 1 1 1 
1 1 1 1 1 1 0 0 0 1 1 1 
 1 1 1 1 1 1 1 1 0 0 0 0 
1 1 1 1 1 1 1 1 1 1 0 0 
 1 1 1 0 1 1 1 1 1 1 0 0 
1 1 1 1 1 1 1 1 1 1 1 0 
 
1 1 1 1 1 1 0 1 1 1 1 1 
 1 1 1 1 1 1 1 1 1 1 1 1 
1 1 1 1 1 1 1 1 1 1 1 1 
 1 1 0 0 1 1 1 1 1 1 1 1 
0 0 0 0 0 1 1 1 1 1 1 1 
 0 0 0 0 0 1 1 1 1 1 1 0 
0 0 0 0 0 0 1 1 1 1 1 0 
 0 0 0 0 0 0 1 1 1 1 0 0 
0 0 0 0 0 0 0 0 0 0 0 0 
 
1 1 0 1 1 1 1 0 0 0 0 0 
 1 1 1 1 1 1 1 0 0 0 0 0 
1 1 1 1 1 1 1 0 0 0 0 0 
 1 1 1 1 1 1 1 0 0 0 0 0 
1 1 1 1 1 1 1 1 0 0 0 0 
 1 1 1 1 1 1 1 0 0 0 0 0 
0 1 1 1 1 1 1 0 0 0 0 0 
 0 0 0 0 0 0 0 0 0 0 0 0 
0 0 0 0 0 0 0 0 0 0 0 0 
 
0 0 0 0 0 0 0 0 1 1 1 0 
 0 0 0 0 0 0 0 1 1 1 1 0 
0 0 0 0 0 0 0 1 1 1 1 1 
 0 0 0 0 0 0 0 1 1 1 1 0 
1 1 0 0 0 0 0 0 1 1 1 0 
 1 1 1 1 1 0 0 0 1 1 1 0 
1 1 1 1 1 1 0 0 1 1 1 1 
 1 1 1 1 1 1 0 1 1 1 1 1 
1 1 1 1 1 1 0 0 1 1 1 1 
 
0 0 1 1 1 1 1 1 1 1 1 1 
 0 1 1 1 1 1 1 1 1 1 1 1 
0 0 1 1 1 1 1 1 1 1 1 1 
 0 0 1 1 1 1 1 1 1 1 1 1 
0 0 0 1 1 1 1 1 1 1 1 1 
 0 0 0 0 0 0 0 1 1 1 1 0 
0 0 0 0 0 0 0 0 0 0 0 0 
 0 0 0 0 0 0 0 0 0 0 0 0 
0 0 0 0 0 0 0 0 0 0 0 0 
 
1 1 1 0 0 0 0 0 0 0 0 0 
 1 1 1 0 0 0 0 0 0 0 0 0 
1 1 1 1 0 0 0 0 0 0 0 0 
 1 1 1 0 0 0 0 0 0 0 0 0 
1 1 1 0 0 0 0 0 0 0 0 0 
 1 1 1 0 0 0 0 0 0 0 0 0 
1 1 1 1 0 0 0 0 0 0 0 0 
 1 1 1 0 0 0 0 0 0 0 0 0 
1 1 1 0 0 0 0 0 0 0 0 0 
 
0 0 0 0 0 0 0 0 0 0 0 0 
 1 1 1 1 0 0 0 0 0 0 0 0 
1 1 1 1 1 0 0 0 0 0 0 0 
 1 1 1 1 1 0 0 0 0 0 0 0 
1 1 1 1 1 1 0 0 0 0 0 0 
 1 1 1 1 1 1 0 0 0 0 0 0 
1 1 1 1 1 1 1 0 0 0 0 0 
 1 1 1 1 1 1 1 0 0 0 0 0 
0 1 1 1 1 1 1 0 0 0 0 0 
 
0 0 0 0 0 0 0 0 0 0 0 0 
 0 0 0 1 1 1 1 0 0 0 0 0 
0 0 0 1 1 1 1 1 0 0 0 0 
 0 0 1 1 1 1 1 1 0 0 0 0 
0 0 1 1 1 1 1 1 1 1 1 1 
 0 0 1 1 1 1 1 1 1 1 1 1 
0 0 0 1 1 1 1 1 1 1 1 1 
 0 0 0 1 1 1 1 1 1 1 1 1 
0 0 0 0 0 0 0 1 1 1 1 1 
 
1 1 0 0 1 1 1 1 1 0 1 1 
 0 1 1 1 0 0 1 0 1 1 0 1 
1 0 1 1 1 0 0 0 0 1 0 1 
 1 1 1 0 0 1 0 1 1 1 1 1 
0 1 1 0 1 0 0 0 1 0 1 0 
 1 0 0 1 1 1 0 0 0 0 0 1 
1 1 0 0 1 1 1 0 1 0 0 0 
 1 1 1 1 1 0 1 1 1 0 1 1 
1 0 1 1 1 1 1 0 0 1 0 0 
 
1 1 1 0 1 1 0 0 0 0 0 1 
 0 1 1 1 0 0 1 0 1 0 1 0 
0 1 1 1 1 1 1 1 1 0 1 0 
 1 1 1 1 0 0 0 0 0 1 1 1 
0 1 0 0 1 0 1 0 1 1 1 0 
 1 1 1 1 0 0 0 1 0 0 1 1 
0 1 0 1 1 0 1 1 1 0 0 1 
 1 1 1 1 1 1 1 0 1 1 1 0 
1 0 1 1 0 0 1 1 1 0 0 0 
 
1 0 1 0 0 0 1 1 1 0 1 1 
 0 1 0 1 0 0 0 0 0 1 1 1 
1 1 0 0 0 1 1 1 1 1 1 1 
 1 1 0 1 0 1 0 1 1 0 1 0 
0 1 1 0 1 0 1 0 0 1 0 0 
 1 1 1 0 1 1 0 1 0 0 1 1 
1 0 0 1 0 1 0 1 1 0 0 1 
 1 1 0 1 0 1 1 1 1 1 1 1 
1 0 0 1 1 1 1 1 1 1 0 0 
 
0 1 1 0 1 1 1 1 1 0 1 0 
 0 0 1 0 0 0 1 0 1 1 1 1 
1 1 1 1 1 1 1 1 1 1 1 1 
 0 0 1 1 0 1 0 1 1 1 0 1 
0 0 1 0 0 0 1 0 1 1 1 0 
 0 1 1 1 1 1 0 1 0 0 1 0 
1 1 0 1 1 1 1 1 0 0 0 1 
 0 0 1 0 1 1 0 1 0 1 0 1 
0 0 1 0 1 1 0 1 1 1 0 0 
 
1 1 0 1 1 1 0 0 0 1 0 1 
 1 1 1 1 1 1 1 1 1 0 0 0 
0 0 1 1 1 0 0 0 0 0 0 0 
 1 1 1 0 1 0 1 0 0 1 1 1 
1 1 0 1 1 1 0 1 1 0 1 1 
 1 0 0 1 0 0 1 0 1 1 0 1 
0 1 1 0 1 0 1 0 1 1 1 0 
 1 1 1 1 1 0 1 0 1 0 1 0 
1 1 1 1 0 0 1 0 0 0 1 1 
 
1 0 0 1 0 0 1 1 1 1 1 1 
 1 1 0 1 1 1 0 1 0 1 0 1 
1 0 0 0 0 0 0 0 0 1 0 1 
 1 1 0 0 1 1 1 1 1 0 1 0 
1 1 1 1 1 1 0 1 0 0 0 1 
 1 0 0 0 1 1 1 0 1 1 0 1 
1 0 1 0 0 1 0 0 1 1 1 0 
 1 1 0 1 0 0 1 1 1 0 1 1 
1 1 0 1 1 1 1 0 0 1 1 1 
 
0 1 0 1 1 1 1 1 1 1 1 0 
 1 0 1 0 1 1 1 1 1 1 0 1 
1 0 1 1 1 0 0 0 0 1 0 1 
 0 0 1 0 1 1 1 1 1 1 0 1 
1 0 1 1 0 1 0 1 1 0 1 1 
 0 0 0 1 1 1 1 0 1 1 0 0 
1 1 1 0 1 1 1 0 0 1 1 0 
 0 0 1 0 1 0 0 1 0 0 0 1 
0 1 1 0 1 1 0 0 0 1 1 1 
 
1 0 1 1 0 0 0 0 0 1 0 1 
 1 1 0 1 1 1 0 1 0 0 1 0 
0 1 0 0 0 1 1 1 1 0 1 0 
 1 1 0 1 1 0 1 0 0 0 1 0 
1 1 0 1 1 1 1 1 0 1 0 1 
 1 1 1 0 0 0 1 1 1 1 1 1 
0 0 1 1 0 0 0 1 1 1 1 1 
 1 1 0 1 0 1 1 0 1 1 1 0 
1 1 0 1 0 0 1 1 1 0 1 1 
 
0 1 1 1 1 1 0 0 0 1 0 0 
 1 0 1 0 1 1 1 1 1 0 1 0 
0 1 1 1 1 1 1 1 1 0 1 0 
 0 0 1 1 1 0 1 0 0 1 0 1 
1 0 0 1 0 1 1 1 1 1 1 1 
 0 1 1 1 0 0 1 1 1 1 1 0 
0 1 1 1 1 0 1 1 0 1 1 1 
 0 0 1 0 1 1 0 0 0 1 0 0 
0 1 1 0 0 0 0 1 1 0 1 1 
 
0 0 1 1 0 0 1 1 1 1 1 0 
 1 0 0 0 1 1 0 1 0 1 1 1 
1 1 0 0 0 1 1 1 1 1 1 1 
 0 0 0 1 1 1 1 1 1 0 0 0 
1 0 1 1 0 1 1 1 0 1 0 1 
 0 1 1 0 1 1 1 1 1 1 1 0 
1 0 1 1 0 1 0 1 0 1 1 1 
 0 0 0 0 0 1 0 1 0 1 0 1 
0 1 0 0 1 1 0 1 1 1 1 1 
 
0 0 0 0 0 0 0 0 0 0 0 1 
 0 0 0 0 0 0 0 0 0 0 1 1 
0 0 1 1 0 0 0 0 0 1 1 1 
 0 1 0 0 0 0 0 0 1 1 0 0 
0 0 0 0 0 0 0 0 0 0 0 0 
 0 0 0 0 0 0 0 0 0 0 0 0 
1 0 0 0 1 1 0 0 0 0 0 0 
 0 0 0 1 1 1 1 1 0 0 0 0 
0 0 0 1 1 1 1 1 1 0 0 0 
 
1 0 0 0 1 1 1 1 1 1 0 0 
 0 0 0 1 0 0 0 0 0 0 0 0 
0 0 0 0 0 0 0 0 0 0 0 0 
 0 0 0 0 0 0 0 0 0 0 0 1 
1 0 0 0 0 0 0 0 0 0 0 0 
 0 0 0 0 1 0 0 0 0 0 0 0 
1 0 0 0 0 0 0 0 0 0 0 0 
 1 1 0 0 0 0 0 0 0 0 0 0 
1 1 1 1 1 0 0 0 0 0 0 1 
 
1 1 1 1 1 0 0 0 0 0 0 0 
 0 1 1 1 1 0 0 0 0 0 0 0 
0 0 1 1 1 0 0 0 0 0 0 0 
 0 0 0 1 0 0 0 0 0 0 0 0 
1 0 0 0 0 0 0 0 0 0 1 1 
 0 0 0 0 0 0 0 1 1 1 1 1 
0 0 1 1 0 0 0 0 0 1 1 0 
 0 1 1 0 0 0 0 0 0 0 0 0 
1 1 1 0 0 0 0 0 0 0 0 0 
 
0 0 0 0 0 0 0 0 0 0 1 1 
 0 0 0 0 0 0 0 0 0 0 1 1 
1 0 0 0 0 0 0 0 0 0 0 0 
 1 0 0 0 0 1 1 0 0 0 0 0 
1 1 0 0 0 1 1 0 0 0 0 0 
 0 0 0 0 0 0 0 0 0 0 0 1 
0 0 0 0 0 0 0 0 1 1 1 1 
 0 0 0 0 0 0 0 1 1 1 1 1 
1 0 0 0 0 0 1 1 1 1 1 1 
 
0 0 0 0 0 1 1 1 1 1 0 0 
 0 0 0 0 0 1 1 1 1 1 0 0 
0 0 0 0 0 1 1 1 1 1 0 0 
 0 0 0 0 0 1 1 1 1 0 0 0 
0 0 0 0 0 0 1 1 1 1 0 0 
 0 0 1 0 0 1 1 0 0 1 0 0 
0 0 0 0 0 1 0 0 0 0 0 0 
 0 0 0 0 0 0 0 0 0 0 0 0 
0 0 0 0 0 0 0 0 0 0 0 0 
 
0 0 0 0 0 0 0 1 1 0 0 0 
 0 0 0 0 0 0 1 0 0 0 0 0 
0 0 1 1 1 1 0 0 0 0 0 0 
 1 0 0 0 1 0 0 0 0 0 0 0 
1 0 0 0 0 1 0 0 0 0 1 1 
 1 0 0 0 1 1 0 0 0 0 1 1 
1 1 1 1 1 1 0 0 0 0 1 1 
 0 0 1 1 1 0 0 0 0 1 1 1 
0 0 0 1 1 0 0 0 0 0 1 1 
 
1 1 1 0 0 0 0 0 1 0 0 0 
 1 1 1 0 0 0 0 1 0 0 0 0 
1 0 0 0 0 0 0 1 0 0 0 0 
 0 0 0 0 0 1 1 1 0 0 0 0 
0 0 0 0 0 0 1 1 1 0 0 0 
 0 0 0 0 0 0 0 0 1 1 1 1 
0 0 0 0 0 0 0 0 0 0 1 1 
 0 0 0 1 0 0 0 0 0 0 1 1 
0 0 0 0 0 0 0 0 0 0 0 1 
 
0 0 0 0 0 0 1 0 0 0 0 0 
 0 0 0 0 0 0 0 0 0 0 0 0 
0 0 0 0 0 0 0 0 0 0 0 0 
 0 0 1 1 0 0 0 0 0 0 0 0 
1 1 1 1 1 0 0 0 0 0 0 0 
 1 1 1 1 1 0 0 0 0 0 0 1 
1 1 1 1 1 1 0 0 0 0 0 1 
 1 1 1 1 1 1 0 0 0 0 1 1 
1 1 1 1 1 1 1 1 1 1 1 1 
 
0 0 1 0 0 0 0 1 1 1 1 1 
 0 0 0 0 0 0 0 1 1 1 1 1 
0 0 0 0 0 0 0 1 1 1 1 1 
 0 0 0 0 0 0 0 1 1 1 1 1 
0 0 0 0 0 0 0 0 1 1 1 1 
 0 0 0 0 0 0 0 1 1 1 1 1 
1 0 0 0 0 0 0 1 1 1 1 1 
 1 1 1 1 1 1 1 1 1 1 1 1 
1 1 1 1 1 1 1 1 1 1 1 1 
 
1 1 1 1 1 1 1 1 0 0 0 1 
 1 1 1 1 1 1 1 0 0 0 0 1 
1 1 1 1 1 1 1 0 0 0 0 0 
 1 1 1 1 1 1 1 0 0 0 0 1 
0 0 1 1 1 1 1 1 0 0 0 1 
 0 0 0 0 0 1 1 1 0 0 0 1 
0 0 0 0 0 0 1 1 0 0 0 0 
 0 0 0 0 0 0 1 0 0 0 0 0 
0 0 0 0 0 0 1 1 0 0 0 0 
 
1 1 0 0 0 0 0 0 0 0 0 0 
 1 0 0 0 0 0 0 0 0 0 0 0 
1 1 0 0 0 0 0 0 0 0 0 0 
 1 1 0 0 0 0 0 0 0 0 0 0 
1 1 1 0 0 0 0 0 0 0 0 0 
 1 1 1 1 1 1 1 0 0 0 0 1 
1 1 1 1 1 1 1 1 1 1 1 1 
 1 1 1 1 1 1 1 1 1 1 1 1 
1 1 1 1 1 1 1 1 1 1 1 1 
 
0 0 0 1 1 1 1 1 1 1 1 1 
 0 0 0 1 1 1 1 1 1 1 1 1 
0 0 0 0 1 1 1 1 1 1 1 1 
 0 0 0 1 1 1 1 1 1 1 1 1 
0 0 0 1 1 1 1 1 1 1 1 1 
 0 0 0 1 1 1 1 1 1 1 1 1 
0 0 0 0 1 1 1 1 1 1 1 1 
 0 0 0 1 1 1 1 1 1 1 1 1 
0 0 0 1 1 1 1 1 1 1 1 1 
 
1 1 1 1 1 1 1 1 1 1 1 1 
 0 0 0 0 1 1 1 1 1 1 1 1 
0 0 0 0 0 1 1 1 1 1 1 1 
 0 0 0 0 0 1 1 1 1 1 1 1 
0 0 0 0 0 0 1 1 1 1 1 1 
 0 0 0 0 0 0 1 1 1 1 1 1 
0 0 0 0 0 0 0 1 1 1 1 1 
 0 0 0 0 0 0 0 1 1 1 1 1 
1 0 0 0 0 0 0 1 1 1 1 1 
 
1 1 1 1 1 1 1 1 1 1 1 1 
 1 1 1 0 0 0 0 1 1 1 1 1 
1 1 1 0 0 0 0 0 1 1 1 1 
 1 1 0 0 0 0 0 0 1 1 1 1 
1 1 0 0 0 0 0 0 0 0 0 0 
 1 1 0 0 0 0 0 0 0 0 0 0 
1 1 1 0 0 0 0 0 0 0 0 0 
 1 1 1 0 0 0 0 0 0 0 0 0 
1 1 1 1 1 1 1 0 0 0 0 0 
 
